2018	12	08	11	30	37.98	56.0266	-120.6612	1.10	2.0	20181208113037
2018	12	07	13	49	25.07	56.0458	-120.6892	3.05	2.8	20181207134926
2018	12	04	16	14	59.85	56.0477	-120.8653	2.01	2.2	20181204161459
2018	12	02 	23	24	40.077  56.0265 -120.6555       1.09    1.18    20181202232440
2018	11	30	17	03	33.138	56.0323	-120.7018	1.06	1.27	20181130170333
2018	11	30 	13	19	32.500  56.0318 -120.7122       2.03    1.56    20181130131932
2018	11	30	12	08	10.479	56.0450	-120.7094	4.06	1.47	20181130120810
2018	11	30 	10	58	19.888  56.035  -120.7103       2.03    1.16 	20181130105819
2018	11	30 	10	36	58.517  56.0434 -120.7142       2.66    1.32    20181130103658
2018	11	30	07	30	11.299	56.0513	-120.6151	0.12	1.54	20181130073011
2018	11	30	05	44	45.024	56.0598	-120.7058	4.13	1.45	20181130054445
2018	11	30	04	59	5.73	56.0329	-120.6971	2.35	1.8	20181130045905
2018	11	30 	03	22	21.764  56.0455 -120.6915       3.28	1.55    20181130032221
2018	11	30	03	01	26.13	56.0329	-120.6915	2.35	2.0	20181130030125
2018	11	30	02	35	30.54	56.0392	-120.6802	2.66	2.1	20181130023530
2018	11	30	02	15	0.28	56.0456	-120.6840	3.29	4.2	20181130021501
2018	11	30	02	06	1.31	56.0461	-120.7038	2.82	3.6	20181130020602
2018	11	30 	01	34	41.336  56.0455 -120.7274       2.66    1.47    20181130013441
2018	11	30	01	33	32.66	56.0456	-120.7237	2.97	1.8	20181130013332
2018	11	30	01	32	31.00	56.0403	-120.7161	2.01	1.9	20181130013231
2018	11	30	01	27	5.69	56.0474	-120.6939	2.43	4.5	20181130012707
2018	11	30	01	26	37.14	56.0427	-120.6835	3.21	1.8	20181130012636
2018	11	29	11	44	29.88	56.0276	-120.7028	2.35	2.1	20181129114429
2018	11	22	23	07	4.11	55.3447	-122.0773	0.63	2.4	20181122230704
2018    10  	08  	07  	07  	44.000  55.9900 -120.7230   	9.0     2.3 	20181008070744
2018    10  	02  	20  	39  	00.000  55.9790 -120.5810   	3.4     2.0 	20181002203900
2018	05	26	06	01	15.396	56.0455	-120.6972	2.00	1.52	20180526060115
2018	05	24	15	25	56.350	56.0450	-120.7094	1.14	1.43	20180524152556
2018	05	20	09	14	57.648	56.0450	-120.6943	1.14	1.28	20180520091457
2018	05	20	11	02	18.184	56.0450	-120.6943	1.14	1.59	20180520110218
2018	05	24	06	36	34.812	56.0445	-120.7047	2.00	1.0     20180524063634
2018	05	25	00	24	25.658	56.0445	-120.7009	1.43	1.8     20180525002425
2018	05	09	13	20	34.638	56.0429	-120.5546	2.29	1.26	20180509132034
2018	05	14	02	07	25.063	56.0413	-120.6764	1.43	1.53	20180514020725
2018	05	16	08	27	16.761	56.0408	-120.6792	1.14	1.73	20180516082716
2018	05	10	10	10	59.620	56.0408	-120.6943	1.14	1.27	20180510101059
2018	05	18	03	19	41.348	56.0408	-120.6641	1.14	1.06	20180518031941
2018	05	10	09	12	11.126	56.0408	-120.6868	1.14	1.12	20180510091211
2018	05	10	06	52	41.901	56.0408	-120.6868	1.14	1.39	20180510065241
2018	05	21	05	28	12.625	56.0408	-120.6792	1.14	1.39	20180521052812
2018	05	22	15	48	57.320	56.0408	-120.6943	1.14	1.78	20180522154857
2018	05	20	11	04	03.464	56.0408	-120.6792	1.14	1.45	20180520110403
2018	05	25	08	06	03.630	56.0408	-120.7094	1.14	1.01	20180525080603
2018	05	25	03	48	48.744	56.0408	-120.7094	1.14	1.66	20180525034848
2018	05	21	07	37	07.895	56.0408	-120.6868	1.14	1.41	20180521073707
2018	05	21	06	39	43.385	56.0408	-120.6868	1.14	1.39	20180521063943
2018	05	23	22	34	23.333	56.0408	-120.7019	1.14	1.21	20180523223423
2018	05	10	12	16	00.897	56.0402	-120.6764	1.43	1.62	20180510121600
2018	05	18	01	12	32.850	56.0402	-120.6971	1.43	1.48	20180518011232
2018	05	18	06	23	32.230	56.0392	-120.6839	1.43	1.32	20180518062332
2018	05	23	01	31	04.277	56.0392	-120.6801	2.00	2.08	20180523013104
2018	05	09	12	16	05.545	56.0392	-120.5499	2.00	2.04	20180509121605
2018	05	09	13	37	01.458	56.0392	-120.5499	2.00	2.38	20180509133701
2018	05	26	03	49	38.959	56.0381	-120.6782	1.43	1.71	20180526034938
2018	05	09	11	41	09.902	56.0381	-120.5555	2.00	1.86	20180509114109
2018	05	09	11	29	10.516	56.0381	-120.5555	2.00	1.71	20180509112910
2018	05	31	05	49	10.109	56.0381	-120.6839	1.43	1.39	20180531054910
2018	05	04	08	23	59.736	56.0381	-120.5687	2.00	1.89	20180504082359
2018	05	09	12	17	46.759	56.0376	-120.564	2.86	1.51	20180509121746
2018	05	23	03	38	16.975	56.0376	-120.6849	2.86	2.28	20180523033816
2018	05	05	21	32	36.383	56.0376	-120.598	6.30	1.64	20180505213236
2018	05	25	19	40	56.863	56.0376	-120.7188	0.57	1.59	20180525194056
2018	05	05	14	39	03.915	56.0371	-120.5763	2.00	2.84	20180505143903
2018	05	07	05	57	30.294	56.0371	-120.5763	2.00	2.18	20180507055730
2018	05	05	19	13	59.594	56.0366	-120.5735	1.14	1.65	20180505191359
2018	05	05	09	12	10.373	56.0366	-120.581	1.14	1.56	20180505091210
2018	05	23	15	51	38.824	56.0366	-120.6943	1.14	2.09	20180523155138
2018	05	22	11	00	37.635	56.0366	-120.6943	1.14	2.0     20180522110037
2018	05	18	12	00	41.666	56.0366	-120.6792	1.14	1.27	20180518120041
2018	05	09	15	02	27.262	56.0360	-120.5593	2.00	2.14	20180509150227
2018	05	06	06	07	21.433	56.0360	-120.5782	1.43	1.51	20180506060721
2018	05	10	03	46	16.719	56.0360	-120.5517	2.00	1.89	20180510034616
2018	05	05	07	18	37.456	56.0350	-120.5668	2.00	1.83	20180505071837
2018	05	24	10	02	47.094	56.0350	-120.6122	0.28	1.11	20180524100247
2018	05	09	04	35	16.596	56.0350	-120.5593	2.00	1.62	20180509043516
2018	05	04	21	47	24.091	56.0339	-120.5782	0.86	1.94	20180504214724
2018	05	09	00	34	45.786	56.0323	-120.5583	1.14	1.51	20180509003445
2018	05	06	07	30	27.832	56.0323	-120.5734	1.14	1.32	20180506073027
2018	05	07	07	18	45.728	56.0323	-120.5734	1.14	1.14	20180507071845
2018	05	06	14	12	14.123	56.0323	-120.581	1.14	1.54	20180506141214
2018	05	06	07	50	36.530	56.0323	-120.581	1.14	1.54	20180506075036
2018	05	20	07	16	58.856	56.0323	-120.6792	1.14	1.28	20180520071658
2018	05	07	02	44	02.235	56.0318	-120.5763	1.43	2.22	20180507024402
2018	05	09	09	39	59.351	56.0315	-120.5456	2.15	2.0     20180509093959
2018	05	05	11	38	10.524	56.0305	-120.5749	1.00	2.71	20180505113810
2018	05	19	17	12	04.162	56.0297	-120.58     2.00	1.15    20180519171204
2018	05	08	17	18	19.041	56.0286	-120.548	1.43	2.22	20180508171819
2018	05	06	03	07	51.004	56.0279	-120.5711	1.00	2.46	20180506030751
2018	05	05	17	41	13.191	56.0276	-120.5838	0.86	1.93	20180505174113
2018	05	10	03	57	01.745	56.0257	-120.5569	1.00	2.21	20180510035701
2018	05	01	22	59	37.026	56.0234	-120.6914	2.00	2.12	20180501225937
2018	09	13	10	41	42      55.983	-120.617	5.5     2.4     20180913104142
2018	03	14	07	43	04      55.992	-120.685	10      2.0     20180312074304
2018	03	08	23	07	10      56.004	-120.678	5.4     2.2     20180308230710
2018	03	07	08	36	57      56.017	-120.649	1       2.3     20180307083657
2017	12	28	10	11	41      55.991	-120.664	10      2.2     20171228101141
2017	07	11	13	14	59      55.986	-120.598	10      2.1     20170711131459
2017    08  05  18  50  09.33   56.1338 -121.1055   6.44    2.0     20170805185009
2017    08  09  03  47  25.02   55.9838 -120.2900   2.62    2.2     20170809034725
2017	08	27	23	11	36.03	56.0003	-120.7020   5.94    2.3     20170827231136
2017	08	30	23	03	27.95	55.9058	-120.3637	2.10    2.7     20170830230327
2017	09	01	02	34	58.62	55.9040	-120.3750	1.15    2.3     20170901023558
2017    10  17  23  11  58.01   55.9260 -120.4895   1.67    1.9     20171017231158
